3.21422e+011
0

2.04351e+011
-2.04918e+011

-7.11016e+008
-2.04661e+011

-6.881e+010
-6.76146e+010

1.11897e+008
7.45476e+008

4.14183e+010
-4.08345e+010

-6.45919e+007
-6.86244e+010

-2.98782e+010
-2.91471e+010

-1.81441e+008
7.43767e+008

2.32744e+010
-2.24278e+010

6.88392e+007
-4.13961e+010

-1.94915e+010
-1.85092e+010

-3.44568e+008
1.42352e+009

1.71301e+010
-1.45245e+010

1.79283e+009
-2.98695e+010

-1.33887e+010
-1.52408e+010

-9.04779e+008
-6.07774e+008

1.16885e+010
-1.16615e+010

3.38625e+008
-2.27704e+010

-1.0891e+010
-1.12979e+010

